   17.6040961728194     
   16.8319434323125     
   16.0855747240112     
   15.3644802851728     
   14.6681476441241     
   13.9960620869354     
   13.3477071216076     
   12.7225649391821     
   12.1201168711879     
   11.5398438428389     
   10.9812268214028     
   10.4437472591638     
   9.92688753040918     
   9.43013136187628     
   8.95296425610522     
   8.49487390715169     
   8.05535060812586     
   7.63388765003339     
   7.22998171141051     
   6.84313323825642     
   6.47284681378503     
   6.11863151753156     
   5.78000127336946     
   5.45647518601224     
   5.14757786559304     
   4.85283973993801     
   4.57179735417072     
   4.30399365730833     
   4.04897827553456     
   3.80630777185939     
   3.57554589190175     
   3.35626379555833     
   3.14804027434851     
   2.95046195425504     
   2.76312348390739     
   2.58562770798582     
   2.41758582575279     
   2.25861753464947     
   2.10835115892569     
   1.96642376330264     
   1.83248125169817     
   1.70617845107679     
   1.58717918051622     
   1.47515630561486     
   1.36979177839387     
   1.27077666287901     
   1.17781114657706     
   1.09060453809129     
   1.00887525114907     
  0.932350775343398     
  0.860767633916985     
  0.793871328944434     
  0.731416274293150     
  0.673165716768213     
  0.618891645869332     
  0.568374692610232     
  0.521404017870779     
  0.477777190771654     
  0.437300057578472     
  0.399786601658487     
  0.365058795026772     
  0.332946442031642     
  0.303287015739507     
  0.275925487588167     
  0.250714150884676     
  0.227512438728712     
  0.206186736945693     
  0.186610192614889     
  0.168662518777045     
  0.152229795903203     
  0.137204270701826     
  0.123484152834525     
  0.110973410102314     
  9.958156265388041E-002
  8.922347675520187E-002
  7.981915864589439E-002
  7.129354899212352E-002
  6.357631842869148E-002
  5.660166466423568E-002
  5.030811160331113E-002
  4.463831091775906E-002
  3.953884647706439E-002
  3.496004202373376E-002
  3.085577245498821E-002
  2.718327904657630E-002
  2.390298892825873E-002
  2.097833909374613E-002
  1.837560520061868E-002
  1.606373538828855E-002
  1.401418931439853E-002
  1.220078258242624E-002
  1.059953670576369E-002
  9.188534726345766E-003
  7.947782579120833E-003
  6.859076267446165E-003
  5.905874888955802E-003
  5.073179526747185E-003
  4.347417996941818E-003
  3.716335420935931E-003
  3.168890569048731E-003
  2.695157901900491E-003
