   19.5601068586883     
   18.7021593692361     
   17.8728608044569     
   17.0716447613032     
   16.2979418268046     
   15.5511800965949     
   14.8307856906751     
   14.1361832657579     
   13.4667965235421     
   12.8220487142654     
   12.2013631348920     
   11.6041636212931     
   11.0298750337880     
   10.4779237354181     
   9.94773806233914     
   9.43874878572410     
   8.95038956458429     
   8.48209738892599     
   8.03331301267835     
   7.60348137584046     
   7.19205201531670     
   6.79847946392396     
   6.42222363707718     
   6.06275020668027     
   5.71953096177004     
   5.39204415548667     
   5.07977483796746     
   4.78221517478704     
   4.49886475059395     
   4.22923085762155     
   3.97282876877973     
   3.72918199506481     
   3.49782252705390     
   3.27829106028337     
   3.07013720434154     
   2.87291967553980     
   2.68620647305865     
   2.50957503849941     
   2.34261239880633     
   2.18491529255849     
   2.03609027966464     
   1.89575383452977     
   1.76353242279579     
   1.63906256179429     
   1.52199086488208     
   1.41197406986557     
   1.30867905175229     
   1.21178282010143     
   1.12097250127674     
   1.03594530593711     
  0.956408482129983     
  0.882079254382704     
  0.812684749214611     
  0.747961907520237     
  0.687657384299258     
  0.631527436233591     
  0.579337797634198     
  0.530863545301838     
  0.485888952864969     
  0.444207335176096     
  0.405620883363080     
  0.369940491146269     
  0.336985573043896     
  0.306583875097963     
  0.278571278760751     
  0.252791598587458     
  0.229096374384103     
  0.207344658460987     
  0.187402798641161     
  0.169144217670225     
  0.152449189668696     
  0.137204614260584     
  0.123303789002571     
  0.110646180726534     
  9.913719639466873E-002
  8.868795405099376E-002
  7.921505443569279E-002
  7.064035380965721E-002
  6.289073851581740E-002
  5.589790178145682E-002
  4.959812324195451E-002
  4.393205164118266E-002
  3.884449113748196E-002
  3.428419161665357E-002
  3.020364338508478E-002
  2.655887658695415E-002
  2.330926565971791E-002
  2.041733911179853E-002
  1.784859487587617E-002
  1.557132146044281E-002
  1.355642509158471E-002
  1.177726300640409E-002
  1.020948302927307E-002
  8.830869532356482E-003
  7.621195852717962E-003
  6.562083209950891E-003
  5.636866140830205E-003
  4.830464441046465E-003
  4.129261578817701E-003
  3.520989521165257E-003
  2.994619891000545E-003
