   1.00000000000000     
  0.636862740531131     
  0.400002340236724     
  0.247628239750164     
  0.151006544995509     
  9.065096569541897E-002
  5.353508005904385E-002
  3.108038308393198E-002
  1.772523008938300E-002
  9.922310731831986E-003
  5.447382682327122E-003
  2.930457003187942E-003
  1.543304779538918E-003
  7.948955745067448E-004
  3.999987901384704E-004
  1.964350378703915E-004
  9.403374122448187E-005
  4.382430389894334E-005
  1.985829494632114E-005
  8.736915094333684E-006
  3.726653172078651E-006
  1.538646894575970E-006
  6.138867763782747E-007
  2.362595758125188E-007
  8.754138348354702E-008
  3.116560926305770E-008
  1.063729685830834E-008
  3.472725377117048E-009
  1.081714242216084E-009
  3.206272391621013E-010
  9.017654998258183E-011
  2.399170917994974E-011
  6.018296682939559E-012
  1.418383982177195E-012
  3.128726024564825E-013
  6.432979786331441E-014
  1.227453013709226E-014
  2.163061627494987E-015
  3.502343260681803E-016
  5.181353686493761E-017
  6.961248457838930E-018
  8.437811806021006E-019
  9.161404726913580E-020
  8.840960576912523E-021
  7.518873028923567E-022
  5.583343091738367E-023
  3.583605140325817E-024
  1.966105886531148E-025
  9.108838834358441E-027
  3.516196364591836E-028
  1.114383157840352E-029
  2.852887647419190E-031
  5.794522107698398E-033
  9.153524866738589E-035
  1.100023759138156E-036
  9.812644904742262E-039
  6.321808622605134E-041
  2.852786369045472E-043
  8.713033843033001E-046
  1.733015180356766E-048
  2.149366346258130E-051
  1.582660099479511E-054
  6.544676177480995E-058
  1.426788687725940E-061
  1.525754751248002E-065
  7.369007578361563E-070
  1.461937858801511E-074
  1.067836295407675E-079
  2.529612775408060E-085
  1.676754088416881E-091
  2.616875604325057E-098
  7.850237897573570E-106
  3.561603288439736E-114
  1.837871500375162E-123
  7.671611683692937E-134
  1.718591656056264E-145
  1.256333777902347E-158
  1.631709348355576E-173
  1.779917683312567E-190
  6.422618759173024E-210
  2.378353023695137E-232
  2.044500363155051E-258
  6.039117283042985E-289
  0.000000000000000E+000
  0.000000000000000E+000
  0.000000000000000E+000
  0.000000000000000E+000
  0.000000000000000E+000
  0.000000000000000E+000
  0.000000000000000E+000
  0.000000000000000E+000
  0.000000000000000E+000
  0.000000000000000E+000
  0.000000000000000E+000
  0.000000000000000E+000
  0.000000000000000E+000
  0.000000000000000E+000
  0.000000000000000E+000
  0.000000000000000E+000
  0.000000000000000E+000
  0.000000000000000E+000
