 -4.089655763674969E-002
 -3.954041734864196E-002
 -3.821074853004332E-002
 -3.690770445961994E-002
 -3.563141405549564E-002
 -3.438198198949862E-002
 -3.315948883207932E-002
 -3.196399122785331E-002
 -3.079552210167381E-002
 -2.965409089507099E-002
 -2.853968383284443E-002
 -2.745226421952627E-002
 -2.639177276537734E-002
 -2.535812794151178E-002
 -2.435122636368617E-002
 -2.337094320422507E-002
 -2.241713263149357E-002
 -2.148962827626048E-002
 -2.058824372423947E-002
 -1.971277303402602E-002
 -1.886299127959471E-002
 -1.803865511645180E-002
 -1.723950337048458E-002
 -1.646525764848962E-002
 -1.571562296930080E-002
 -1.499028841438789E-002
 -1.428892779673896E-002
 -1.361120034679076E-002
 -1.295675141411998E-002
 -1.232521318356324E-002
 -1.171620540438799E-002
 -1.112933613109799E-002
 -1.056420247441522E-002
 -1.002039136094994E-002
 -9.497480300035690E-003
 -8.995038156182127E-003
 -8.512625925572824E-003
 -8.049797515017285E-003
 -7.606100521751436E-003
 -7.181077012471196E-003
 -6.774264299976079E-003
 -6.385195715801454E-003
 -6.013401377219497E-003
 -5.658408947000670E-003
 -5.319744384338182E-003
 -4.996932685360070E-003
 -4.689498611675913E-003
 -4.396967405436283E-003
 -4.118865489415716E-003
 -3.854721150672586E-003
 -3.604065206381870E-003
 -3.366431650489277E-003
 -3.141358279888610E-003
 -2.928387298885715E-003
 -2.727065900776216E-003
 -2.536946825435119E-003
 -2.357588891888399E-003
 -2.188557504916506E-003
 -2.029425134820156E-003
 -1.879771769565990E-003
 -1.739185338616670E-003
 -1.607262107843697E-003
 -1.483607045014871E-003
 -1.367834155445130E-003
 -1.259566787498984E-003
 -1.158437907732061E-003
 -1.064090345561388E-003
 -9.761770074553240E-004
 -8.943610607362616E-004
 -8.183160871906220E-004
 -7.477262067819423E-004
 -6.822861718614266E-004
 -6.217014323686872E-004
 -5.656881726102268E-004
 -5.139733202957610E-004
 -4.662945286014569E-004
 -4.224001321146123E-004
 -3.820490775952046E-004
 -3.450108305662021E-004
 -3.110652588154728E-004
 -2.800024939581307E-004
 -2.516227722675586E-004
 -2.257362560371476E-004
 -2.021628367814675E-004
 -1.807319216259059E-004
 -1.612822042667313E-004
 -1.436614219095131E-004
 -1.277260996120975E-004
 -1.133412834695536E-004
 -1.003802640818746E-004
 -8.872429174133893E-005
 -7.826228476503679E-005
 -6.889053237945274E-005
 -6.051239353824081E-005
 -5.303799302174354E-005
 -4.638391612754400E-005
 -4.047290321596032E-005
 -3.523354532300467E-005
 -3.059998199658824E-005
 -2.651160244998387E-005
 -2.291275106034395E-005
